  SHELL TYPE  PRIMITIVE        EXPONENT          CONTRACTION COEFFICIENT(S)

 N         

      1   S       1          9046.0000000    0.000699617413
      1   S       2          1357.0000000    0.005386054630
      1   S       3           309.3000000    0.027391021189
      1   S       4            87.7300000    0.103150591982
      1   S       5            28.5600000    0.278570663317
      1   S       6            10.2100000    0.448294849454
      1   S       7             3.8380000    0.278085928395
      1   S       8             0.7466000    0.015431561233

      2   S       9          9046.0000000   -0.000304990096
      2   S      10          1357.0000000   -0.002408026379
      2   S      11           309.3000000   -0.011944448725
      2   S      12            87.7300000   -0.048925992909
      2   S      13            28.5600000   -0.134472724725
      2   S      14            10.2100000   -0.315112577700
      2   S      15             3.8380000   -0.242857832550
      2   S      16             0.7466000    1.094382206854

      3   S      17             0.2248000    1.000000000000

      4   P      18            13.5500000    0.058905676772
      4   P      19             2.9170000    0.320461106714
      4   P      20             0.7973000    0.753042061792

      5   P      21             0.2185000    1.000000000000

      6   D      22             0.8170000    1.000000000000

      7   S      23             0.0612400    1.000000000000

      8   P      24             0.0561100    1.000000000000

      9   D      25             0.2300000    1.000000000000

 H         

     10   S      26            13.0100000    0.033498726390
     10   S      27             1.9620000    0.234800801174
     10   S      28             0.4446000    0.813682957883

     11   S      29             0.1220000    1.000000000000

     12   P      30             0.7270000    1.000000000000

     13   S      31             0.0297400    1.000000000000

     14   P      32             0.1410000    1.000000000000

 H         

     15   S      33            13.0100000    0.033498726390
     15   S      34             1.9620000    0.234800801174
     15   S      35             0.4446000    0.813682957883

     16   S      36             0.1220000    1.000000000000

     17   P      37             0.7270000    1.000000000000

     18   S      38             0.0297400    1.000000000000

     19   P      39             0.1410000    1.000000000000

 H         

     20   S      40            13.0100000    0.033498726390
     20   S      41             1.9620000    0.234800801174
     20   S      42             0.4446000    0.813682957883

     21   S      43             0.1220000    1.000000000000

     22   P      44             0.7270000    1.000000000000

     23   S      45             0.0297400    1.000000000000

     24   P      46             0.1410000    1.000000000000
