                      1          2          3          4          5
                  -15.5415    -1.1499    -0.6285    -0.6151    -0.4350
                     A          A          A          A          A   
    1  N  1  S    1.002154  -0.012952  -0.000184   0.000261  -0.000411
    2  N  1  S    0.003824   0.407916   0.002042  -0.000406  -0.144790
    3  N  1  S   -0.010978   0.240204   0.008585  -0.002868  -0.307600
    4  N  1  X    0.000621   0.022590   0.365657  -0.232137   0.173252
    5  N  1  Y    0.001820   0.075608  -0.080233   0.153017   0.495814
    6  N  1  Z   -0.000373  -0.016135   0.267055   0.370505  -0.093952
    7  N  1  X   -0.000544  -0.004288   0.137474  -0.092654   0.124477
    8  N  1  Y   -0.001458  -0.023674  -0.029500   0.061601   0.351597
    9  N  1  Z    0.000258   0.006356   0.099922   0.146903  -0.067413
   10  N  1 XX    0.000050  -0.000214   0.024615  -0.011393  -0.005420
   11  N  1 YY   -0.000127   0.000013  -0.005914   0.015620   0.013025
   12  N  1 ZZ    0.000077   0.000201  -0.018701  -0.004227  -0.007605
   13  N  1 XY   -0.000096  -0.000274   0.013251  -0.011146   0.008670
   14  N  1 XZ    0.000052   0.000395  -0.003057  -0.006459  -0.001588
   15  N  1 YZ    0.000022  -0.000320   0.014139   0.024380  -0.004940
   16  N  1  S   -0.004423   0.015458   0.004543   0.000301  -0.119457
   17  N  1  X   -0.000152   0.002269   0.001120  -0.000844   0.019513
   18  N  1  Y   -0.000406   0.004073   0.000199   0.000206   0.063083
   19  N  1  Z    0.000081   0.000125   0.001526   0.002603  -0.017232
   20  N  1 XX   -0.000139  -0.001574  -0.024052   0.007367  -0.005181
   21  N  1 YY    0.000276   0.003899   0.001575  -0.007909   0.012827
   22  N  1 ZZ   -0.000137  -0.002325   0.022477   0.000541  -0.007646
   23  N  1 XY    0.000172   0.004149  -0.002402   0.006289   0.009687
   24  N  1 XZ   -0.000058  -0.002032   0.006449   0.018631  -0.002476
   25  N  1 YZ   -0.000092  -0.001309  -0.006798  -0.015137  -0.002630
   26  H  2  S    0.000003   0.211801  -0.331001  -0.204644   0.107498
   27  H  2  S    0.003350   0.019527  -0.163948  -0.108183   0.057128
   28  H  2  X   -0.000189   0.011447   0.004411  -0.015435   0.011160
   29  H  2  Y    0.000205  -0.009238   0.011117   0.015288   0.014659
   30  H  2  Z   -0.000610   0.034014  -0.024984  -0.006588   0.011462
   31  H  2  S    0.000371   0.001242  -0.006364  -0.003726   0.002471
   32  H  2  X    0.000305   0.003365  -0.011815  -0.004600   0.007132
   33  H  2  Y   -0.000583   0.001321   0.006202   0.004804   0.012540
   34  H  2  Z    0.001194   0.008597  -0.022745  -0.016167   0.004186
   35  H  3  S    0.000071   0.203014   0.345011  -0.175607   0.114722
   36  H  3  S    0.003381   0.015954   0.176096  -0.087064   0.057413
   37  H  3  X    0.000639  -0.036298  -0.026320   0.011472  -0.010501
   38  H  3  Y    0.000041   0.000213  -0.008093   0.008663   0.017904
   39  H  3  Z    0.000052  -0.003581   0.007388   0.015681  -0.004786
   40  H  3  S    0.000377  -0.000218   0.007065  -0.004828   0.014814
   41  H  3  X   -0.001361  -0.007327  -0.026735   0.011155   0.003497
   42  H  3  Y   -0.000274   0.003771   0.000286   0.000524   0.016395
   43  H  3  Z   -0.000066  -0.000594  -0.004687  -0.000095  -0.001910
   44  H  4  S    0.000064   0.204060  -0.017706   0.385614   0.106838
   45  H  4  S    0.003161   0.008647  -0.009333   0.191841   0.050926
   46  H  4  X   -0.000244   0.015405   0.013439   0.007812   0.013265
   47  H  4  Y    0.000399  -0.021834  -0.001417  -0.027071   0.008054
   48  H  4  Z    0.000404  -0.025027   0.012196  -0.015087  -0.014898
   49  H  4  S    0.000355  -0.000263  -0.001326   0.007943   0.001931
   50  H  4  X    0.000433   0.002525  -0.003650   0.011437   0.003720
   51  H  4  Y   -0.000987  -0.001075   0.000769  -0.022608   0.004638
   52  H  4  Z   -0.000762  -0.005105  -0.000957  -0.023049  -0.003381

                      6          7          8          9         10
                    0.0665     0.0973     0.1109     0.1701     0.2080
                     A          A          A          A          A   
    1  N  1  S    0.003089  -0.000969   0.004010  -0.002086   0.025461
    2  N  1  S   -0.074163   0.029198  -0.015790  -0.004115   0.116141
    3  N  1  S   -0.259681   0.089888  -0.120579   0.022665  -0.364988
    4  N  1  X   -0.037001  -0.070938   0.026039  -0.040738   0.085301
    5  N  1  Y   -0.018421   0.006174   0.006988  -0.168792   0.000229
    6  N  1  Z    0.012113  -0.026183  -0.082871   0.020617   0.022263
    7  N  1  X   -0.091964  -0.083628  -0.007112   0.020007  -0.383437
    8  N  1  Y   -0.034969   0.049557  -0.028419  -0.049260  -0.073041
    9  N  1  Z    0.010830  -0.058915  -0.045393  -0.026427  -0.150748
   10  N  1 XX   -0.000459  -0.000203  -0.000547   0.010137   0.010271
   11  N  1 YY   -0.000380  -0.002551   0.002509  -0.019895  -0.007456
   12  N  1 ZZ    0.000839   0.002755  -0.001961   0.009758  -0.002815
   13  N  1 XY   -0.000283  -0.004255   0.003926  -0.008886   0.005649
   14  N  1 XZ   -0.001851   0.001363  -0.000407   0.000842  -0.000465
   15  N  1 YZ    0.000108   0.000524  -0.006946   0.004165   0.005280
   16  N  1  S   -1.287706   0.569571  -0.638331   1.575403  -3.217111
   17  N  1  X   -0.359165  -0.452937  -0.090554   0.552273  -2.613114
   18  N  1  Y   -0.082712   0.454320  -0.488952   1.503060   0.323587
   19  N  1  Z    0.076622  -0.337775  -0.136399  -0.446921  -1.182595
   20  N  1 XX   -0.016801  -0.016381  -0.004393  -0.049124  -0.128244
   21  N  1 YY    0.015357   0.019887  -0.011592   0.098178   0.079637
   22  N  1 ZZ    0.001444  -0.003506   0.015985  -0.049054   0.048607
   23  N  1 XY   -0.011147   0.009532  -0.020659   0.043430  -0.048243
   24  N  1 XZ    0.013609  -0.005668  -0.006193   0.000034   0.001359
   25  N  1 YZ    0.004269  -0.016266   0.035676  -0.020982  -0.062751
   26  H  2  S    0.001332   0.011111   0.032563  -0.010392  -0.081737
   27  H  2  S    0.119104  -0.306970   0.263529  -0.543450  -0.815626
   28  H  2  X   -0.001720  -0.002131   0.004731  -0.006345  -0.003717
   29  H  2  Y    0.001324  -0.002122  -0.005847   0.003001  -0.001937
   30  H  2  Z   -0.005614   0.002380   0.012205  -0.019799  -0.004148
   31  H  2  S    0.381998  -2.462262  -2.047314  -0.558683  -1.983307
   32  H  2  X    0.029577  -0.011537   0.009642  -0.087179   0.065438
   33  H  2  Y    0.007955  -0.031691   0.096663  -0.191791  -0.025896
   34  H  2  Z   -0.029318  -0.020552  -0.013743   0.002313  -0.045813
   35  H  3  S    0.000593  -0.022974   0.011741   0.000279   0.107969
   36  H  3  S    0.402811   0.018263   0.306740  -0.451632   2.674769
   37  H  3  X    0.005913   0.008741  -0.006830   0.019081  -0.047819
   38  H  3  Y    0.000703   0.003097  -0.002461  -0.003220   0.004219
   39  H  3  Z   -0.000769   0.000401  -0.003841  -0.000041  -0.004836
   40  H  3  S    1.760147   2.897095  -0.311160  -0.660721   3.689028
   41  H  3  X   -0.046135  -0.055907  -0.015022  -0.022451  -0.506392
   42  H  3  Y   -0.000713  -0.088813   0.087347  -0.169262  -0.152657
   43  H  3  Z   -0.022016   0.025193   0.014566   0.059851  -0.004046
   44  H  4  S    0.007200   0.005226  -0.031939  -0.015997  -0.021238
   45  H  4  S    0.133866  -0.152030   0.016598  -0.421001   0.316150
   46  H  4  X   -0.002998  -0.001814  -0.001840  -0.008769   0.004291
   47  H  4  Y    0.003407  -0.001564   0.007638   0.014945  -0.009883
   48  H  4  Z    0.004585  -0.001829   0.003627   0.015592  -0.009154
   49  H  4  S   -0.373184  -1.007951   2.815679   0.660814  -0.188125
   50  H  4  X   -0.001984   0.012993  -0.009598  -0.128432   0.139852
   51  H  4  Y   -0.023260  -0.034358   0.016940  -0.291201  -0.098585
   52  H  4  Z   -0.004887   0.032847  -0.030498   0.058398   0.035481

                     11         12         13         14         15
                    0.2212     0.2291     0.3103     0.3225     0.3516
                     A          A          A          A          A   
    1  N  1  S    0.019492  -0.037043  -0.001636  -0.000041  -0.008692
    2  N  1  S    0.095147  -0.170148  -0.003345  -0.000609   0.037198
    3  N  1  S   -0.272674   0.517883   0.011435   0.021337   0.265235
    4  N  1  X    0.015922   0.025718   0.234499  -0.079558  -0.077570
    5  N  1  Y   -0.003027  -0.037801  -0.051325   0.064776   0.050104
    6  N  1  Z   -0.063235  -0.005350   0.099704   0.225427   0.037940
    7  N  1  X   -0.074451  -0.209724   0.173876  -0.079373  -0.046764
    8  N  1  Y   -0.003194   0.318831  -0.019553   0.042276  -0.133778
    9  N  1  Z    0.427288   0.071324   0.055188   0.193559   0.107730
   10  N  1 XX    0.001325   0.004875  -0.021170   0.000479  -0.019278
   11  N  1 YY   -0.008249   0.000786   0.001223  -0.001368   0.003047
   12  N  1 ZZ    0.006924  -0.005661   0.019947   0.000889   0.016231
   13  N  1 XY    0.000568   0.008503   0.008987   0.002266   0.042453
   14  N  1 XZ    0.006642   0.002534  -0.002837   0.038417  -0.024912
   15  N  1 YZ   -0.010488  -0.005732   0.001635  -0.001324   0.003752
   16  N  1  S   -2.293012   4.486163   0.780651  -0.585250   1.913357
   17  N  1  X   -0.354021  -1.780316  -0.290908   0.118771  -0.264368
   18  N  1  Y    0.568022   1.080256   0.191128  -0.271327   0.187583
   19  N  1  Z    2.877876   0.660709  -0.171462  -0.665301   0.096615
   20  N  1 XX   -0.013360  -0.052712   0.080691   0.004368   0.139964
   21  N  1 YY    0.086430  -0.008770  -0.009965   0.000222   0.004244
   22  N  1 ZZ   -0.073070   0.061482  -0.070726  -0.004590  -0.144208
   23  N  1 XY   -0.001817  -0.099609  -0.022420  -0.008486  -0.242590
   24  N  1 XZ   -0.066290  -0.015793   0.020760  -0.176075   0.171246
   25  N  1 YZ    0.114498   0.062822   0.006508  -0.008926  -0.038000
   26  H  2  S    0.107515  -0.002906   0.062669   0.081204  -0.027530
   27  H  2  S    2.490396  -0.985539  -0.080823   0.696574  -0.414672
   28  H  2  X    0.010489  -0.010038   0.006907  -0.012572   0.019659
   29  H  2  Y   -0.007238   0.007199  -0.000223  -0.000191  -0.004327
   30  H  2  Z    0.034807  -0.025166  -0.004784   0.003434  -0.009221
   31  H  2  S    3.580606  -0.719717  -1.216204  -1.300872  -0.146332
   32  H  2  X    0.107420  -0.006261   0.121927  -0.430678   0.821962
   33  H  2  Y   -0.277535   0.153205   0.222062   0.166987  -0.204372
   34  H  2  Z    0.396834  -0.257912  -0.624465  -0.250234  -0.008320
   35  H  3  S    0.003866   0.082137  -0.109286   0.034878  -0.032434
   36  H  3  S    0.558976   0.494932  -0.602117   0.338306  -1.851606
   37  H  3  X   -0.012638   0.006073   0.004918  -0.004011  -0.003922
   38  H  3  Y    0.000401   0.003272   0.000841   0.002490   0.018838
   39  H  3  Z    0.002019   0.000765  -0.000297   0.015718  -0.009269
   40  H  3  S    0.546838   1.541048   1.399613  -0.303166  -0.210366
   41  H  3  X   -0.201047   0.092057  -0.828680   0.134192   0.618675
   42  H  3  Y   -0.087316   0.055609  -0.093574   0.066305   0.898292
   43  H  3  Z   -0.012124  -0.001924   0.012058   0.578640  -0.388665
   44  H  4  S   -0.110926  -0.076634   0.022194  -0.099164  -0.050829
   45  H  4  S   -1.626910  -2.404565  -0.059623  -0.472266  -0.134239
   46  H  4  X   -0.005746  -0.020048   0.005304   0.007756   0.006036
   47  H  4  Y    0.005814   0.026014   0.002581  -0.002205   0.001951
   48  H  4  Z    0.010898   0.030801   0.008010  -0.002983   0.017516
   49  H  4  S   -3.004900  -3.051553  -0.406130   1.761142  -0.001738
   50  H  4  X   -0.081378  -0.100200   0.119336   0.353638   0.675401
   51  H  4  Y    0.149678   0.424690   0.051576  -0.261669  -0.642783
   52  H  4  Z    0.092434   0.278946   0.208752  -0.227913  -0.094218

                     16         17         18         19         20
                    0.3586     0.3634     0.4837     0.5410     0.5509
                     A          A          A          A          A   
    1  N  1  S    0.005961  -0.008677  -0.001421   0.000182  -0.008426
    2  N  1  S   -0.020841   0.049280   0.056778   0.003665  -0.006125
    3  N  1  S   -0.192389   0.286997   0.236781   0.012872   0.239624
    4  N  1  X    0.003911   0.034324   0.079704  -0.071398   0.088333
    5  N  1  Y   -0.033412  -0.002703   0.262652   0.020631  -0.022772
    6  N  1  Z   -0.109364  -0.057216  -0.044399  -0.049619   0.050328
    7  N  1  X    0.118807  -0.089090   0.387047  -0.461712   0.649745
    8  N  1  Y    0.035210  -0.151715   1.144143   0.108349  -0.144481
    9  N  1  Z   -0.071085  -0.000166  -0.254075  -0.270789   0.353782
   10  N  1 XX   -0.011856  -0.006336   0.007955  -0.028879   0.038322
   11  N  1 YY   -0.013338   0.036387  -0.013226   0.005909  -0.011317
   12  N  1 ZZ    0.025194  -0.030051   0.005271   0.022970  -0.027005
   13  N  1 XY    0.023130   0.004955  -0.006345  -0.010556   0.015495
   14  N  1 XZ    0.035624   0.028016   0.003274   0.002046  -0.002412
   15  N  1 YZ    0.027514  -0.007419   0.002125  -0.013328   0.009693
   16  N  1  S   -0.928764   2.965096   5.694774   0.143534  -0.040699
   17  N  1  X   -0.099797   0.287245   0.668314  -1.306594   1.836022
   18  N  1  Y   -0.090733   0.133225   1.787128   0.285071  -0.526677
   19  N  1  Z   -0.410338  -0.316797  -0.440768  -0.978369   0.891410
   20  N  1 XX    0.089349  -0.000303  -0.051462   0.001574   0.061667
   21  N  1 YY    0.069455  -0.160982   0.107710   0.003916  -0.016023
   22  N  1 ZZ   -0.158804   0.161285  -0.056248  -0.005490  -0.045644
   23  N  1 XY   -0.152741  -0.010823   0.070272  -0.012480   0.017976
   24  N  1 XZ   -0.251506  -0.198612  -0.010616   0.005286  -0.010631
   25  N  1 YZ   -0.146771   0.045824  -0.050986  -0.006885   0.010537
   26  H  2  S    0.015689  -0.054923  -0.041941   0.022882  -0.034340
   27  H  2  S    1.677048  -0.973920  -2.274373  -0.124426   0.352034
   28  H  2  X   -0.010107  -0.012258  -0.011032  -0.031083  -0.004578
   29  H  2  Y   -0.016548   0.011639   0.001980   0.004732   0.007896
   30  H  2  Z   -0.010995  -0.005965  -0.026236  -0.013295   0.032068
   31  H  2  S    0.081635  -0.206022  -0.527343  -1.011008   1.093602
   32  H  2  X   -0.067065  -0.311269  -0.320252   1.990294  -0.243811
   33  H  2  Y   -1.015700   0.333431  -0.702633   0.039113  -0.753802
   34  H  2  Z    0.604606   0.752366   0.172809  -0.029371  -0.654955
   35  H  3  S   -0.003813  -0.036291  -0.027507  -0.032020   0.055038
   36  H  3  S   -0.402035  -0.452991  -1.995485   0.205571  -0.394601
   37  H  3  X   -0.004553   0.009544   0.026871  -0.023678   0.038954
   38  H  3  Y    0.008277   0.001854  -0.005922   0.005464  -0.015777
   39  H  3  Z    0.016330   0.009476   0.004114  -0.030590  -0.011878
   40  H  3  S    0.122415  -0.267987  -0.564752   0.998511  -1.386725
   41  H  3  X    0.324747  -0.685066  -0.324287   0.307382  -0.585091
   42  H  3  Y    0.392948   0.282754  -0.652680  -0.480660   1.328969
   43  H  3  Z    0.850826   0.441836   0.156591   1.816796   0.397214
   44  H  4  S    0.042849  -0.041173  -0.053152  -0.003582  -0.015003
   45  H  4  S   -0.024921  -2.185667  -2.101429  -0.226948  -0.053015
   46  H  4  X    0.023193   0.006560  -0.011514   0.018186   0.019506
   47  H  4  Y   -0.004233   0.017347   0.009358  -0.002572  -0.005799
   48  H  4  Z    0.006466  -0.006727   0.017984   0.014829   0.004111
   49  H  4  S   -0.043391  -0.070262  -0.253016  -0.033039   0.293855
   50  H  4  X    0.454341   0.099888  -0.285755  -0.407219  -1.823144
   51  H  4  Y    0.379760   0.924123  -0.762530   0.102748   0.253536
   52  H  4  Z    0.826928  -0.172329   0.107371  -0.224065  -0.929979

                     21         22         23         24         25
                    0.5572     0.6334     0.6504     0.6558     0.7234
                     A          A          A          A          A   
    1  N  1  S    0.007643   0.142269  -0.045997   0.025885   0.008108
    2  N  1  S    0.007351   0.024705  -0.006609   0.000458   0.004224
    3  N  1  S   -0.218500  -4.848726   1.668379  -0.906382  -0.281802
    4  N  1  X   -0.046205  -0.086240  -0.107756   0.031012   0.203267
    5  N  1  Y    0.039018  -0.027712   0.041002  -0.039987  -0.028991
    6  N  1  Z    0.101255   0.024639  -0.054928  -0.097528   0.177672
    7  N  1  X   -0.403086  -1.107570  -2.301894   0.841716   0.383341
    8  N  1  Y    0.333763  -0.178440   0.728099  -0.872114  -0.070172
    9  N  1  Z    0.860993   0.202079  -1.213381  -2.378682   0.457832
   10  N  1 XX   -0.015648  -0.008997  -0.026893   0.006036  -0.021962
   11  N  1 YY    0.024211   0.011383   0.005667  -0.013836   0.002517
   12  N  1 ZZ   -0.008563  -0.002386   0.021226   0.007800   0.019446
   13  N  1 XY   -0.015242   0.000034  -0.017749   0.009871  -0.000189
   14  N  1 XZ   -0.018402  -0.000881   0.003155   0.007543   0.006001
   15  N  1 YZ    0.043517  -0.000721  -0.009352  -0.027976  -0.004982
   16  N  1  S    0.064596  -4.394317   1.328145  -0.752522  -0.305607
   17  N  1  X   -1.055547  -0.437195  -1.299182   0.448724  -0.104555
   18  N  1  Y    0.910167  -0.063800   0.342356  -0.416107   0.013655
   19  N  1  Z    2.261668   0.031812  -0.656668  -1.254402  -0.020955
   20  N  1 XX   -0.035790  -0.075223  -0.463635   0.115970  -0.841810
   21  N  1 YY    0.059814  -0.003118   0.109543  -0.226250   0.089229
   22  N  1 ZZ   -0.024024   0.078341   0.354092   0.110280   0.752582
   23  N  1 XY   -0.038101  -0.056451  -0.166460   0.155399  -0.178825
   24  N  1 XZ   -0.062572  -0.008533   0.048058   0.270807   0.208070
   25  N  1 YZ    0.090993  -0.011682  -0.123710  -0.464230  -0.382409
   26  H  2  S   -0.049345   0.067465  -0.055105  -0.002996   0.270183
   27  H  2  S    0.488356   1.321057  -9.566781  -8.401970   0.597501
   28  H  2  X    0.012082   0.014570   0.016833  -0.027442   0.003729
   29  H  2  Y   -0.001578  -0.002348   0.025663   0.045787   0.033680
   30  H  2  Z    0.030308   0.007806  -0.051287  -0.018721  -0.055882
   31  H  2  S    1.223751   0.370304  -1.127970  -0.782356   0.384401
   32  H  2  X    0.468748  -0.206723  -2.041668  -0.458866  -0.021605
   33  H  2  Y   -1.280307  -0.411513   0.986260  -0.038481  -0.653054
   34  H  2  Z   -0.880822   0.945858  -3.767641  -3.710632   1.041793
   35  H  3  S   -0.032156   0.122426   0.015459   0.010560  -0.265065
   36  H  3  S    0.284223   6.412032  10.228731  -2.855731   0.131192
   37  H  3  X   -0.018591  -0.027578  -0.052219   0.011105  -0.070298
   38  H  3  Y    0.002963  -0.007070  -0.028481   0.019607  -0.020531
   39  H  3  Z   -0.008131  -0.003938   0.012035   0.036466   0.010643
   40  H  3  S    0.665365   0.871530   1.089711  -0.246093  -0.258813
   41  H  3  X    0.241724  -3.286470  -4.331196   1.253463   0.759054
   42  H  3  Y   -0.779617  -0.020783   0.621781  -0.506620   0.370545
   43  H  3  Z   -0.796522  -0.127190  -0.872403  -0.944676  -0.190428
   44  H  4  S    0.072935   0.032493  -0.036013   0.037489  -0.027679
   45  H  4  S   -0.741523  -0.824146  -2.835333  12.453316  -0.234249
   46  H  4  X   -0.024189   0.015352   0.026493   0.018808   0.023553
   47  H  4  Y    0.020092  -0.001923   0.008942  -0.067838  -0.007552
   48  H  4  Z    0.042602  -0.005633   0.034189  -0.021395   0.013777
   49  H  4  S   -1.887374   0.194900  -0.420816   1.294026  -0.044119
   50  H  4  X    0.686463  -0.543772  -1.507762   2.314645  -0.377448
   51  H  4  Y    0.793618  -0.254288   1.041331  -2.731520   0.155248
   52  H  4  Z   -1.336638   0.079868   0.230056  -4.298323  -0.122567

                     26         27         28         29         30
                    0.7288     0.8546     0.9245     0.9272     1.1749
                     A          A          A          A          A   
    1  N  1  S   -0.012302  -0.021916   0.007332   0.000594  -0.205752
    2  N  1  S   -0.001455  -0.012679   0.027130   0.006573  -0.563703
    3  N  1  S    0.480087   0.772267   0.011559   0.047033   2.050210
    4  N  1  X   -0.156884  -0.041055  -0.029235   0.010702  -0.076844
    5  N  1  Y    0.085569  -0.125982   0.008295   0.001699  -0.071756
    6  N  1  Z    0.194803   0.026908   0.005272   0.034178  -0.054897
    7  N  1  X   -0.246019  -0.056026  -0.254971   0.086524   0.252076
    8  N  1  Y    0.250382  -0.258898   0.103956   0.029747   0.335698
    9  N  1  Z    0.569860   0.057794   0.049099   0.260358   0.186555
   10  N  1 XX    0.014047  -0.003765  -0.000876  -0.003614   0.061837
   11  N  1 YY   -0.009720   0.010091   0.010887   0.002050  -0.086886
   12  N  1 ZZ   -0.004327  -0.006326  -0.010011   0.001564   0.025049
   13  N  1 XY    0.005502   0.006158  -0.008546   0.006988  -0.054592
   14  N  1 XZ    0.015825   0.000249   0.008102   0.011674   0.009187
   15  N  1 YZ   -0.012587  -0.004690  -0.001380   0.009027   0.045035
   16  N  1  S    0.441029   3.077425  -0.114344   0.073967   3.489294
   17  N  1  X    0.053233  -0.081359   0.330768  -0.090329   0.318455
   18  N  1  Y    0.025340  -0.095683  -0.184827  -0.052344   0.822218
   19  N  1  Z    0.107120   0.043559  -0.123127  -0.390226  -0.105990
   20  N  1 XX    0.462139   0.492798  -0.254568   0.384650  -0.286718
   21  N  1 YY   -0.397404  -1.161986  -0.705557  -0.063666   0.338431
   22  N  1 ZZ   -0.064735   0.669188   0.960125  -0.320985  -0.051713
   23  N  1 XY    0.336731  -0.742210   1.066613  -0.754023   0.272916
   24  N  1 XZ    0.495934   0.183738  -0.968287  -1.249570  -0.099624
   25  N  1 YZ   -0.629687   0.431551   0.209948  -0.893325  -0.162219
   26  H  2  S    0.141131   0.101995  -0.032305  -0.036140   0.664801
   27  H  2  S    0.505561  -1.331141  -0.290968   2.770554  -1.514948
   28  H  2  X   -0.024264  -0.005593  -0.001743   0.001608  -0.095669
   29  H  2  Y    0.025102   0.015501   0.000044   0.002144   0.007041
   30  H  2  Z   -0.014761  -0.024564   0.012734   0.001270  -0.231158
   31  H  2  S    0.248042  -0.223292  -0.002081  -0.280859  -0.219333
   32  H  2  X    0.449593   0.346553  -1.086183  -0.033375  -0.163175
   33  H  2  Y   -0.461485   0.570286   0.577104  -0.833646  -0.081783
   34  H  2  Z    0.373026   0.157438   0.324270   1.188392   0.033826
   35  H  3  S    0.173699   0.098150  -0.062968   0.007896   0.789964
   36  H  3  S   -0.612136  -1.541426   2.661734  -1.117081  -2.211912
   37  H  3  X    0.046149   0.028791  -0.011060  -0.002722   0.329822
   38  H  3  Y    0.020036   0.004814   0.005193  -0.002154  -0.036888
   39  H  3  Z    0.019092   0.001891  -0.002427   0.001286   0.019296
   40  H  3  S    0.152687  -0.184905  -0.226118   0.066678  -0.224745
   41  H  3  X   -0.183336   0.062799  -1.248367   0.415304   0.261079
   42  H  3  Y   -0.378533   0.608860  -0.466256   0.484005  -0.077722
   43  H  3  Z   -0.317732  -0.157159   0.476754   1.074673   0.085121
   44  H  4  S   -0.315970   0.092983  -0.003171   0.012874   0.747589
   45  H  4  S   -0.591266  -1.230119  -2.181127  -1.738863  -2.482466
   46  H  4  X    0.009919  -0.008211  -0.000027   0.003275  -0.163253
   47  H  4  Y   -0.058462   0.022948  -0.004426  -0.001616   0.145804
   48  H  4  Z   -0.033773   0.014076  -0.007598   0.003843   0.215184
   49  H  4  S   -0.534929  -0.254216   0.241476   0.191567  -0.187045
   50  H  4  X   -0.165018   0.367168  -0.781972   0.649938  -0.232871
   51  H  4  Y    1.196207   0.436985   1.171802   0.702115   0.195420
   52  H  4  Z    0.655155  -0.358403   0.048857   1.019029   0.236956

                     31         32         33         34         35
                    1.2107     1.2187     1.3645     1.8034     1.8080
                     A          A          A          A          A   
    1  N  1  S   -0.005155   0.024419   0.032055   0.001188  -0.002664
    2  N  1  S   -0.019413   0.068145   0.149738   0.001978  -0.005951
    3  N  1  S    0.022859  -0.347722   0.662862  -0.045291   0.040961
    4  N  1  X   -0.394557  -0.459145  -0.343285  -0.005168   0.498938
    5  N  1  Y    0.244560   0.109999  -0.926514  -0.112129  -0.168727
    6  N  1  Z    0.465675  -0.444644   0.180315  -0.526404   0.010448
    7  N  1  X    1.293478   1.609812   0.901408   0.053032  -3.221328
    8  N  1  Y   -0.781714  -0.383337   2.334928   0.657905   1.065737
    9  N  1  Z   -1.487909   1.510505  -0.475745   3.408801  -0.108223
   10  N  1 XX    0.116933   0.187382   0.003073  -0.044278   0.223309
   11  N  1 YY   -0.109480  -0.002820   0.008862  -0.067009  -0.070920
   12  N  1 ZZ   -0.007453  -0.184562  -0.011935   0.111287  -0.152389
   13  N  1 XY    0.083061   0.057210   0.007810   0.037120   0.077309
   14  N  1 XZ    0.104707  -0.055326   0.001488   0.124816   0.031868
   15  N  1 YZ   -0.167214   0.100526  -0.005204  -0.182760  -0.038064
   16  N  1  S   -0.010973  -0.563433   2.985834  -0.021642   0.020351
   17  N  1  X    0.307163   0.382317   0.267470   0.041879  -1.471210
   18  N  1  Y   -0.157011  -0.198339   0.715757   0.289460   0.499447
   19  N  1  Z   -0.326594   0.390489  -0.151134   1.535804  -0.071974
   20  N  1 XX   -0.403814  -0.639409  -0.183581   0.266808  -1.373944
   21  N  1 YY    0.308764  -0.022556   0.353799   0.388874   0.385551
   22  N  1 ZZ    0.095050   0.661966  -0.170218  -0.655682   0.988393
   23  N  1 XY   -0.223151  -0.110893   0.196159  -0.262071  -0.351837
   24  N  1 XZ   -0.495155   0.222978  -0.038062  -0.888276  -0.259893
   25  N  1 YZ    0.516713  -0.248004  -0.128815   1.030658   0.278558
   26  H  2  S    0.242108  -0.526301  -0.240557   1.148843  -0.490117
   27  H  2  S   -1.723566   4.299788  -1.131825   5.186108  -2.153818
   28  H  2  X   -0.156734   0.038265  -0.042033   0.027230  -0.395134
   29  H  2  Y    0.146324  -0.169057   0.023919   0.237293   0.071918
   30  H  2  Z   -0.106873   0.423373  -0.099272   0.206276   0.088595
   31  H  2  S    0.025474   0.106845  -0.251877   0.949293  -0.420717
   32  H  2  X   -0.294319   0.283939  -0.263058   0.292161  -0.050680
   33  H  2  Y    0.300251  -0.567725  -0.588820  -0.800282   0.307943
   34  H  2  Z   -0.510731   1.392622   0.005435   1.295247  -0.555352
   35  H  3  S    0.322785   0.313409  -0.196374  -0.121691   1.231629
   36  H  3  S   -2.343027  -3.270539  -1.392484  -0.503623   5.346142
   37  H  3  X    0.237497   0.315497   0.131471  -0.023433  -0.170451
   38  H  3  Y    0.090311   0.072448   0.005718   0.071196   0.292550
   39  H  3  Z    0.129593  -0.076065   0.011340   0.420797  -0.049767
   40  H  3  S   -0.013944  -0.043300  -0.255949  -0.107883   1.004168
   41  H  3  X    0.859552   1.323665   0.045128   0.144211  -1.534539
   42  H  3  Y    0.185924   0.250538  -0.595418   0.023089  -0.478641
   43  H  3  Z    0.202139  -0.055184   0.146744  -0.069359  -0.068136
   44  H  4  S   -0.496903  -0.036784  -0.219725  -1.027543  -0.727608
   45  H  4  S    4.037569  -0.066818  -0.995611  -4.631711  -3.234885
   46  H  4  X    0.115445  -0.113557  -0.050070   0.034712  -0.393273
   47  H  4  Y   -0.334900   0.036295   0.063112  -0.115293  -0.001052
   48  H  4  Z   -0.249409  -0.112933   0.067520   0.326092  -0.101243
   49  H  4  S   -0.003904   0.047212  -0.213918  -0.836799  -0.593570
   50  H  4  X    0.499003  -0.108819  -0.247077  -0.420716  -0.209523
   51  H  4  Y   -1.097755   0.102557  -0.558667   1.137785   0.786802
   52  H  4  Z   -0.936820  -0.002099   0.175102   0.736021   0.565344

                     36         37         38         39         40
                    1.9890     2.0500     2.0617     2.1319     2.3310
                     A          A          A          A          A   
    1  N  1  S    0.001196  -0.052573   0.067973  -0.553018   0.052719
    2  N  1  S    0.002892  -0.107978   0.138676  -1.096031   0.107022
    3  N  1  S    0.003706   0.450228  -0.522466   4.489859  -0.380323
    4  N  1  X    0.015132   0.059700  -0.000625   0.021798   0.106159
    5  N  1  Y    0.002671  -0.019851  -0.004211   0.064246   0.001761
    6  N  1  Z    0.039924   0.010526   0.027923  -0.023413   0.164131
    7  N  1  X   -0.148181  -1.010562   0.088351   0.106664   1.416291
    8  N  1  Y   -0.008346   0.241729  -0.136922  -0.526598  -0.181046
    9  N  1  Z   -0.297117  -0.190296  -0.891819  -0.057790   1.963077
   10  N  1 XX    0.008911   0.068728   0.042937  -0.127944  -0.254259
   11  N  1 YY    0.006572   0.101135  -0.059554   0.227182   0.023794
   12  N  1 ZZ   -0.015483  -0.169863   0.016618  -0.099239   0.230465
   13  N  1 XY   -0.015469  -0.168791  -0.056189   0.142931  -0.239841
   14  N  1 XZ   -0.012441   0.052799  -0.250886  -0.076726  -0.000684
   15  N  1 YZ   -0.002049  -0.091836  -0.073237  -0.068630  -0.412874
   16  N  1  S    0.001905   0.186037  -0.246162   2.310981  -0.153151
   17  N  1  X    0.006829   0.138236  -0.026669   0.041238   0.284979
   18  N  1  Y   -0.005968  -0.038415   0.026973   0.100839  -0.035815
   19  N  1  Z   -0.020241   0.025831   0.162783  -0.010479   0.375880
   20  N  1 XX   -0.072877  -0.632684  -0.209948   0.567323   0.501780
   21  N  1 YY   -0.032710  -0.427034   0.197730  -0.968369  -0.072597
   22  N  1 ZZ    0.105587   1.059718   0.012218   0.401046  -0.429183
   23  N  1 XY    0.077667   0.819882   0.329596  -0.608634   0.619956
   24  N  1 XZ    0.074938  -0.296100   1.398420   0.373504   0.087222
   25  N  1 YZ   -0.005115   0.499364   0.183662   0.273474   0.963120
   26  H  2  S   -0.111403  -0.153316  -0.250417  -0.268540   1.059289
   27  H  2  S   -0.667055  -2.212841  -3.014430  -1.821860   3.208899
   28  H  2  X    0.627411  -0.111880   0.467378   0.314458  -0.153425
   29  H  2  Y   -0.138328   0.653799   0.549793   0.648368  -0.298015
   30  H  2  Z   -0.225860   0.269343   0.067855  -0.009015   0.269015
   31  H  2  S   -0.001810   0.050023   0.151788  -0.170519   0.146268
   32  H  2  X   -0.655301  -0.919180  -0.009190   0.129076   0.436946
   33  H  2  Y    0.280655   0.469955  -0.032827   0.462516   0.158419
   34  H  2  Z   -0.020852  -0.646269  -1.432889  -0.578303   0.866202
   35  H  3  S    0.056671   0.317680  -0.008711  -0.375513  -0.691640
   36  H  3  S    0.411537   3.691829   0.081949  -2.228385  -1.993345
   37  H  3  X   -0.045597   0.071902   0.045245   0.110643   0.256038
   38  H  3  Y    0.056871  -0.861590  -0.161749   0.740186   0.089456
   39  H  3  Z    0.681919   0.110128  -0.473520  -0.193682  -0.578846
   40  H  3  S   -0.008796  -0.143273   0.032499  -0.164539  -0.090695
   41  H  3  X   -0.130417  -1.635721   0.030236   0.772383   0.522777
   42  H  3  Y   -0.124948   0.198809  -0.232900   0.334701  -0.283507
   43  H  3  Z   -0.681630  -0.166533  -0.799522  -0.128639   0.150933
   44  H  4  S    0.056537  -0.152114   0.277710  -0.108149  -0.264558
   45  H  4  S    0.250240  -1.934611   3.480274  -0.777867  -0.881587
   46  H  4  X   -0.560115   0.004313  -0.553393   0.209288  -0.590880
   47  H  4  Y    0.079629   0.419750  -0.659012   0.438300   0.261460
   48  H  4  Z   -0.417744  -0.413619   0.310790  -0.160742  -0.451525
   49  H  4  S    0.010335   0.046459  -0.124021  -0.194726  -0.015788
   50  H  4  X    0.460018  -1.038703   0.304703   0.138575  -0.110075
   51  H  4  Y   -0.128685   0.603991  -0.754189   0.470965   0.006852
   52  H  4  Z    0.258915   0.068416  -1.358461  -0.006660   0.258548

                     41         42         43         44         45
                    2.3348     2.4178     2.4589     2.4803     2.7465
                     A          A          A          A          A   
    1  N  1  S   -0.014488  -1.135170   0.290397   0.216027  -0.100642
    2  N  1  S   -0.033441  -2.281793   0.579349   0.421441  -0.081463
    3  N  1  S    0.055386   7.108276  -1.836798  -1.419327   2.807810
    4  N  1  X    0.167319  -0.314113  -0.760738  -0.379322   0.098437
    5  N  1  Y   -0.095963  -0.058583   0.363735  -0.019986   0.326786
    6  N  1  Z   -0.131981  -0.025424   0.333935  -0.863026  -0.091631
    7  N  1  X    1.802079   1.175545   1.889734   0.802161   0.402342
    8  N  1  Y   -0.758447   1.389995  -1.325727  -0.200873   1.000815
    9  N  1  Z   -1.200798  -0.045856  -0.934793   2.253583  -0.093794
   10  N  1 XX   -0.273043   0.100235   0.053393   0.089830  -0.318323
   11  N  1 YY    0.281590  -0.154319   0.117640   0.037681   0.741129
   12  N  1 ZZ   -0.008547   0.054084  -0.171033  -0.127511  -0.422806
   13  N  1 XY   -0.333527  -0.124453  -0.085441  -0.113000   0.480418
   14  N  1 XZ    0.052218   0.016947   0.161918  -0.174669  -0.098574
   15  N  1 YZ    0.285630  -0.003571  -0.044544  -0.070287  -0.268330
   16  N  1  S   -0.013923   2.712239  -0.678821  -0.571335   2.087019
   17  N  1  X    0.354779   0.185427   0.355096   0.157219   0.044105
   18  N  1  Y   -0.153787   0.180979  -0.216211  -0.027932   0.150284
   19  N  1  Z   -0.224880   0.005893  -0.169370   0.408910  -0.005900
   20  N  1 XX    0.560901   0.043345   0.377685   0.178285   0.109620
   21  N  1 YY   -0.645509   0.114137  -0.434340   0.024543  -0.250976
   22  N  1 ZZ    0.084609  -0.157483   0.056655  -0.202827   0.141356
   23  N  1 XY    0.783007   0.223658   0.391653   0.178822  -0.150779
   24  N  1 XZ   -0.247499   0.002587  -0.038041   0.006061  -0.001178
   25  N  1 YZ   -0.607499   0.039928  -0.232620   0.528087   0.117087
   26  H  2  S   -0.160065  -0.544064   0.154077   0.702697  -0.510164
   27  H  2  S   -0.593932  -1.387383   0.164858   4.052220  -1.040523
   28  H  2  X   -0.674086  -0.212885  -0.215925  -0.227212  -0.400377
   29  H  2  Y    0.310294  -0.257946   0.228148   0.199622  -0.271879
   30  H  2  Z    0.243970  -0.058722   0.143747  -0.829197  -0.513888
   31  H  2  S   -0.008931  -0.168674   0.043788   0.478378  -0.129435
   32  H  2  X   -0.061905  -0.149135   0.072996   0.548982   0.035508
   33  H  2  Y   -0.080785   0.276816  -0.082975  -0.381730   0.154803
   34  H  2  Z   -0.192121  -0.604225   0.067239   1.713539  -0.020554
   35  H  3  S   -0.755357  -0.839480  -0.311868  -0.125429  -0.549378
   36  H  3  S   -2.247932  -3.002114  -2.475494  -1.193945  -1.306063
   37  H  3  X    0.192298  -0.331097  -0.717708  -0.414268   0.484331
   38  H  3  Y    0.291717  -0.299167   0.182959   0.020661  -0.443224
   39  H  3  Z    0.489533   0.004344   0.085073  -0.279353   0.159039
   40  H  3  S   -0.099290  -0.360158  -0.301904  -0.160509  -0.134637
   41  H  3  X    0.619683   1.403903   1.136345   0.574311   0.172348
   42  H  3  Y   -0.346034   0.069835  -0.114713  -0.045149   0.144054
   43  H  3  Z    0.096399   0.106264   0.068698   0.114862   0.003550
   44  H  4  S    0.948107  -0.637095   0.741180  -0.157073  -0.543062
   45  H  4  S    2.831061  -1.584354   3.811933  -1.615245  -1.301267
   46  H  4  X   -0.199513  -0.258260  -0.425440   0.034660  -0.432945
   47  H  4  Y   -0.435898  -0.181322   0.468308  -0.141230  -0.049059
   48  H  4  Z   -0.224236   0.088102   0.428838  -0.530675   0.482792
   49  H  4  S    0.108491  -0.178636   0.435792  -0.175822  -0.152020
   50  H  4  X    0.494731  -0.261070   0.780464  -0.293791   0.007072
   51  H  4  Y   -0.138054   0.494503  -0.986943   0.385911   0.218575
   52  H  4  Z   -0.648017   0.470402  -1.208437   0.579925   0.048533

                     46         47         48         49         50
                    2.9203     2.9329     3.1193     3.5719     3.5930
                     A          A          A          A          A   
    1  N  1  S    0.023993  -0.036432  -0.021855   0.014407  -0.020359
    2  N  1  S    0.068117  -0.086338   0.209987   0.027399  -0.047063
    3  N  1  S    0.224187  -0.072018   4.884881  -0.081791  -0.228066
    4  N  1  X   -0.008205   0.165696   0.169978   0.527466   0.275115
    5  N  1  Y    0.083207  -0.081527   0.511284  -0.231876  -0.016870
    6  N  1  Z    0.145025   0.072004  -0.111622  -0.258527   0.603581
    7  N  1  X    0.260249  -0.971132   0.403666   2.887321   1.596686
    8  N  1  Y   -0.158273   0.224571   1.602260  -1.260609  -0.017281
    9  N  1  Z   -0.956851  -0.258877  -0.089141  -1.250666   3.079800
   10  N  1 XX    0.154370   0.395095   0.355688   1.125323   0.799487
   11  N  1 YY   -0.291398   0.425639  -0.627133  -0.695600   0.165357
   12  N  1 ZZ    0.137029  -0.820735   0.271444  -0.429724  -0.964844
   13  N  1 XY   -0.135457  -0.815467  -0.506494   0.650016   0.150875
   14  N  1 XZ   -1.148496   0.125208   0.216515   0.436436  -0.502191
   15  N  1 YZ   -0.348516  -0.451578   0.273223  -0.695705   1.029876
   16  N  1  S    0.117299  -0.042151   2.296095  -0.032035  -0.094904
   17  N  1  X    0.020397  -0.064896   0.166106   0.541113   0.312312
   18  N  1  Y    0.036085  -0.015834   0.523303  -0.225242  -0.014206
   19  N  1  Z   -0.039748  -0.012783  -0.071783  -0.216819   0.575007
   20  N  1 XX   -0.034181  -0.319236  -0.137070   0.295017   0.206802
   21  N  1 YY    0.022420  -0.050333   0.249899  -0.237000   0.014900
   22  N  1 ZZ    0.011762   0.369568  -0.112828  -0.058017  -0.221702
   23  N  1 XY    0.102775   0.092436   0.148144   0.264012   0.118630
   24  N  1 XZ    0.412107  -0.033179  -0.068603   0.013646  -0.042427
   25  N  1 YZ   -0.095987   0.099415  -0.043241  -0.171677   0.352903
   26  H  2  S   -0.260487  -0.103273  -1.153606  -0.043296   2.312206
   27  H  2  S   -1.296145  -0.872609  -1.420727  -0.054531   4.007016
   28  H  2  X   -0.461739   0.419119  -0.152629  -0.182003   0.314322
   29  H  2  Y   -0.085784  -0.450494   0.354282   0.116961  -0.409861
   30  H  2  Z    0.154558  -0.087502  -0.876959   0.030760   1.075296
   31  H  2  S    0.004167  -0.008840  -0.143413   0.018433   0.286762
   32  H  2  X    0.112886  -0.255467  -0.217096  -0.128517   0.295911
   33  H  2  Y    0.181100   0.324124  -0.111199   0.043821  -0.519554
   34  H  2  Z   -0.473727  -0.181289  -0.230890   0.033442   1.187383
   35  H  3  S   -0.113686   0.290135  -1.175352  -1.841074  -1.155630
   36  H  3  S   -0.328417   1.533237  -1.379938  -3.222200  -2.103691
   37  H  3  X    0.010102   0.085027   0.981536   0.959292   0.587799
   38  H  3  Y    0.112370   0.326474   0.153971   0.118429   0.007251
   39  H  3  Z    0.649395   0.033286  -0.004678   0.172874  -0.101400
   40  H  3  S   -0.000515   0.010161  -0.149923  -0.228086  -0.163661
   41  H  3  X    0.128267  -0.537682   0.231179   1.062453   0.716002
   42  H  3  Y   -0.068903  -0.197475  -0.202982   0.190638   0.107390
   43  H  3  Z   -0.311857  -0.053757   0.094268   0.127387  -0.078252
   44  H  4  S    0.170417  -0.058731  -1.266746   1.936555  -0.958058
   45  H  4  S    1.380077  -0.569970  -1.855584   3.335153  -1.706891
   46  H  4  X    0.267848   0.470875  -0.338600   0.296930  -0.349682
   47  H  4  Y    0.324366  -0.267966   0.662532  -0.684273   0.389541
   48  H  4  Z    0.150079   0.370600   0.606346  -0.716883   0.192366
   49  H  4  S   -0.020684   0.000431  -0.149969   0.218806  -0.102188
   50  H  4  X    0.005073  -0.276501  -0.269516   0.338573  -0.273451
   51  H  4  Y   -0.501102   0.259709   0.121035  -0.807326   0.436390
   52  H  4  Z   -0.339158  -0.073945   0.325768  -0.711459   0.293352
